285 243805.430
286 222589.453
287 203803.732
288 185109.438
289 168739.707
290 160245.365
291 156388.777
292 156011.547
293 160596.258
294 167860.797
295 177605.755
296 190246.618
297 202879.697
298 217756.442
299 232160.098
300 246325.908
301 261748.013
302 277436.030
303 291737.321
304 306050.187
305 323098.815
306 339463.850
307 354633.152
308 373605.522
309 390779.166
310 406837.242
311 427119.125
312 446676.924
313 464640.109
314 484936.658
315 503530.118
316 518765.310
317 539226.973
318 557621.666
319 571675.148
320 590136.393
321 605956.696
322 616014.121
323 631711.736
324 648062.073
325 656569.654
326 667720.038
327 680049.025
328 686079.126
329 691652.342
330 701033.594
331 704404.060
332 706390.325
333 709689.758
334 708391.127
335 707730.911
336 709259.506
337 702137.465
338 696486.162
339 693859.118
340 684297.857
341 677119.631
342 673079.132
343 662435.047
344 649228.383
345 641318.036
346 627524.908
347 614337.107
348 604222.715
349 590976.649
350 578127.396
351 566527.271
352 549995.103
353 535934.871
354 523348.220
355 509065.732
356 493919.824
357 481035.284
358 467019.430
359 450799.839
360 437252.587
361 422687.453
362 407635.888
363 394855.092
364 382025.504
365 368615.982
366 356461.035
367 343291.088
368 330508.890
369 318253.060
370 307088.682
371 295439.432
372 284775.599
373 274079.462
374 262655.695
375 251904.520
376 242838.035
377 231880.289
378 222534.781
379 213816.480
380 205336.252
381 196515.320
382 188228.800
383 179972.475
384 171298.715
385 163918.432
386 156539.165
387 148917.400
388 142499.488
389 135732.301
390 129300.993
391 123498.819
392 117727.033
393 111614.780
394 106721.371
395 101837.444
396 96581.377
397 91804.609
398 87050.902
399 82556.667
400 78357.974
401 74653.019
402 70698.139
403 67195.160
404 64206.055
405 60972.429
406 57844.308
407 55438.440
408 52588.922
409 50157.310
410 48092.480
411 45610.637
412 43461.470
413 41393.710
414 39414.879
415 37533.969
416 35939.809
417 34158.167
418 32574.195
419 31191.273
420 29626.300
421 28321.639
422 27157.457
423 25764.399
424 24495.945
425 23602.024
426 22452.758
427 21433.998
428 20502.408
429 19532.642
430 18578.909
431 17845.644
432 17070.515
433 16287.028
434 15654.706
435 14864.799
436 14183.184
437 13669.553
438 12987.526
439 12444.926
440 11957.009
441 11419.432
442 10977.035
443 10509.705
444 10067.754
445 9615.104
446 9236.917
447 8886.720
448 8508.778
449 8211.879
450 7816.039
