285 209770.442
286 195114.016
287 183573.801
288 173198.571
289 164951.595
290 163785.615
291 165372.870
292 170738.963
293 179808.812
294 190756.393
295 203716.667
296 219640.988
297 235888.766
298 253542.571
299 270426.666
300 287227.548
301 305758.307
302 323793.810
303 340956.646
304 357913.601
305 378384.915
306 397789.132
307 416724.286
308 438429.230
309 458869.018
310 478569.795
311 501803.629
312 524568.574
313 546330.063
314 571493.262
315 592861.925
316 610635.339
317 634735.972
318 656822.776
319 672017.192
320 694060.672
321 712140.298
322 724509.980
323 743308.699
324 762230.924
325 772679.319
326 784959.720
327 799412.115
328 806603.593
329 813757.618
330 823783.849
331 828035.783
332 830458.893
333 834441.306
334 833294.661
335 832806.451
336 833528.373
337 825857.340
338 819655.113
339 816053.789
340 805438.452
341 796481.314
342 791392.307
343 779488.583
344 764746.675
345 754604.377
346 739150.146
347 722791.550
348 711336.465
349 695854.023
350 680503.966
351 666620.281
352 647540.713
353 630592.774
354 616107.957
355 598991.320
356 581704.085
357 566364.864
358 549830.333
359 531042.246
360 515058.676
361 498107.703
362 480240.928
363 465405.994
364 449896.673
365 434227.528
366 419696.044
367 404363.942
368 389620.514
369 375608.083
370 361710.785
371 347902.555
372 335323.773
373 322737.957
374 309359.727
375 296826.160
376 285832.901
377 273444.145
378 261955.149
379 251918.038
380 242095.986
381 230907.443
382 221511.178
383 211955.981
384 201816.912
385 192686.588
386 184219.789
387 175345.648
388 167483.332
389 159650.686
390 152325.193
391 145333.128
392 138657.588
393 131347.450
394 125409.914
395 119644.598
396 113580.011
397 107895.991
398 102341.751
399 96893.442
400 92028.395
401 87823.360
402 82934.214
403 78858.315
404 75514.704
405 71554.627
406 68017.996
407 65070.518
408 61782.710
409 58727.964
410 56427.292
411 53477.622
412 50898.718
413 48537.886
414 46089.583
415 43928.311
416 41985.051
417 40058.957
418 38121.590
419 36427.758
420 34763.343
421 33067.254
422 31665.699
423 30054.470
424 28736.376
425 27556.299
426 26264.616
427 25040.916
428 23955.397
429 22793.939
430 21709.782
431 20815.734
432 19806.399
433 18922.318
434 18189.476
435 17351.875
436 16511.130
437 15820.869
438 15114.036
439 14413.670
440 13835.610
441 13208.912
442 12672.691
443 12129.486
444 11610.381
445 11137.232
446 10649.364
447 10176.935
448 9780.580
449 9403.565
450 9020.208
