285 210842.585
286 193551.100
287 178485.633
288 163538.483
289 151257.787
290 145472.999
291 143120.099
292 144187.599
293 149690.035
294 156655.254
295 166141.603
296 178481.003
297 190764.164
298 204312.371
299 218209.438
300 230912.850
301 246060.049
302 260446.060
303 273614.390
304 286928.728
305 302778.613
306 317927.227
307 331920.643
308 349234.777
309 365240.760
310 380368.829
311 398451.393
312 415931.730
313 432747.451
314 451663.070
315 468057.352
316 482252.080
317 501518.029
318 517932.357
319 530570.390
320 547250.332
321 561272.143
322 570726.537
323 585052.422
324 599706.451
325 607249.590
326 616338.154
327 628050.619
328 633524.038
329 638012.834
330 646128.226
331 648680.798
332 650293.218
333 653162.546
334 651611.337
335 651037.356
336 651922.482
337 645814.440
338 639975.350
339 637533.660
340 628946.704
341 621434.052
342 617295.054
343 607239.841
344 594766.118
345 587656.161
346 575195.325
347 562275.637
348 553272.065
349 540791.086
350 528257.366
351 517887.594
352 502872.869
353 489279.041
354 478022.633
355 464166.479
356 450954.406
357 439054.609
358 425985.324
359 410990.614
360 398705.073
361 385385.776
362 371382.795
363 359954.259
364 348005.754
365 335586.285
366 324620.004
367 312655.614
368 301095.118
369 289940.034
370 279370.825
371 268540.116
372 259057.874
373 248923.462
374 238962.959
375 229392.234
376 220871.324
377 211270.466
378 202047.837
379 194330.993
380 186395.692
381 178362.402
382 171123.992
383 163426.648
384 155623.051
385 148758.343
386 142113.446
387 135178.200
388 129122.302
389 123134.293
390 117406.668
391 112219.036
392 106987.819
393 101242.191
394 96671.541
395 92305.053
396 87658.417
397 83235.701
398 79036.595
399 74859.879
400 70929.118
401 67664.420
402 64085.686
403 60974.191
404 58205.980
405 55207.272
406 52495.447
407 50250.747
408 47758.098
409 45452.860
410 43484.121
411 41460.070
412 39292.775
413 37627.709
414 35726.303
415 33941.462
416 32544.980
417 30983.556
418 29542.998
419 28434.849
420 26919.136
421 25694.619
422 24635.389
423 23459.168
424 22314.861
425 21386.285
426 20433.770
427 19530.071
428 18725.648
429 17813.886
430 17005.535
431 16267.583
432 15560.601
433 14805.705
434 14247.790
435 13596.534
436 12956.978
437 12432.615
438 11866.861
439 11362.126
440 10932.447
441 10394.298
442 10002.644
443 9637.198
444 9174.579
445 8793.968
446 8460.341
447 8058.856
448 7810.072
449 7489.313
450 7177.298
