285 246220.150
286 225946.196
287 207237.523
288 189584.471
289 173877.309
290 166380.516
291 162674.131
292 163556.006
293 168541.871
294 176691.302
295 187088.698
296 200589.767
297 214831.689
298 230458.045
299 246003.537
300 261392.977
301 277905.398
302 294350.984
303 309617.133
304 324697.360
305 343186.410
306 360905.689
307 377326.341
308 396864.103
309 414918.507
310 432014.870
311 453608.559
312 473595.566
313 492590.373
314 514226.180
315 533463.638
316 549595.339
317 571270.282
318 590176.650
319 604476.579
320 623516.610
321 639492.688
322 650816.215
323 667002.120
324 683878.846
325 692418.448
326 703271.415
327 716030.817
328 721749.622
329 727986.886
330 736851.386
331 740024.517
332 742695.384
333 745870.637
334 743814.744
335 742760.874
336 743716.067
337 736202.689
338 730729.922
339 727625.353
340 717110.669
341 709351.008
342 704695.702
343 693691.111
344 679200.274
345 670539.010
346 656359.598
347 642404.801
348 631634.508
349 617763.009
350 603675.516
351 590918.232
352 574296.401
353 559167.835
354 545654.002
355 530498.371
356 515312.464
357 501598.196
358 486823.288
359 469704.120
360 455455.621
361 440170.368
362 424382.866
363 411114.082
364 397601.463
365 383846.876
366 370699.902
367 357555.903
368 343633.149
369 331465.251
370 319386.388
371 306832.612
372 296584.387
373 285286.506
374 273209.298
375 261950.559
376 252508.566
377 241331.041
378 230826.207
379 222114.148
380 213382.972
381 204058.707
382 195312.494
383 186716.338
384 177971.083
385 170014.210
386 162358.023
387 154367.310
388 147470.638
389 140738.879
390 133906.353
391 127970.085
392 122130.035
393 115717.854
394 110353.182
395 105324.961
396 100150.632
397 94966.593
398 90136.350
399 85454.299
400 81121.471
401 77314.019
402 73080.741
403 69529.638
404 66534.192
405 63095.227
406 60071.294
407 57309.249
408 54335.670
409 51886.545
410 49656.443
411 47138.363
412 44845.990
413 42720.279
414 40628.484
415 38739.409
416 37051.887
417 35318.786
418 33579.206
419 32254.592
420 30611.787
421 29265.819
422 28049.531
423 26536.236
424 25338.117
425 24377.153
426 23254.769
427 22127.792
428 21159.370
429 20181.705
430 19223.630
431 18443.629
432 17568.976
433 16787.797
434 16143.465
435 15323.149
436 14577.308
437 13989.819
438 13384.747
439 12884.258
440 12306.860
441 11739.948
442 11247.553
443 10807.535
444 10292.477
445 9927.279
446 9464.242
447 9107.041
448 8723.656
449 8412.348
450 8041.132
