285 154217.505
286 146053.980
287 140510.627
288 136116.708
289 133414.029
290 135602.458
291 139571.142
292 146000.287
293 155573.238
294 165613.638
295 177540.913
296 191497.952
297 205449.162
298 220470.045
299 235512.125
300 249850.457
301 265648.449
302 280963.069
303 295180.002
304 309416.464
305 326553.696
306 342595.391
307 357921.067
308 375759.565
309 392782.117
310 408456.050
311 428043.077
312 446229.051
313 464501.446
314 484248.358
315 501976.608
316 516126.456
317 536376.227
318 553730.838
319 566819.632
320 584735.754
321 599319.257
322 608690.583
323 623534.010
324 639318.656
325 647116.025
326 657292.056
327 668801.116
328 674113.410
329 679311.743
330 687453.426
331 690062.783
332 691224.879
333 694781.477
334 693161.873
335 691616.477
336 692428.647
337 685338.266
338 679560.359
339 676945.634
340 667285.758
341 659342.420
342 654860.859
343 644607.952
344 631366.180
345 623632.538
346 609942.523
347 596470.052
348 586130.326
349 573456.895
350 560012.260
351 549195.687
352 532692.148
353 518474.511
354 506112.278
355 492078.208
356 477006.550
357 464535.670
358 450835.596
359 435111.217
360 421853.667
361 407820.180
362 392983.371
363 380570.593
364 368420.596
365 355257.672
366 343495.921
367 330720.563
368 318111.026
369 306519.796
370 295291.787
371 284231.396
372 273749.291
373 263861.072
374 252711.992
375 242376.420
376 233088.937
377 222908.091
378 213472.487
379 205330.163
380 197173.115
381 188249.440
382 180546.651
383 172674.251
384 164625.263
385 157163.676
386 149935.749
387 142663.968
388 136503.369
389 129950.142
390 123699.373
391 118357.449
392 112805.324
393 106903.403
394 102106.137
395 97369.555
396 92371.069
397 87865.174
398 83269.156
399 78847.452
400 74949.571
401 71407.887
402 67633.476
403 64170.016
404 61443.713
405 58313.888
406 55418.118
407 53010.488
408 50248.684
409 47946.432
410 45892.828
411 43539.300
412 41357.218
413 39547.562
414 37621.063
415 35714.845
416 34211.386
417 32687.849
418 31085.774
419 29749.412
420 28365.864
421 26923.497
422 25911.214
423 24582.338
424 23405.952
425 22498.351
426 21390.165
427 20495.015
428 19534.121
429 18664.939
430 17777.137
431 17082.997
432 16260.405
433 15594.196
434 14987.565
435 14268.712
436 13630.996
437 13022.277
438 12439.703
439 11889.211
440 11403.983
441 10915.897
442 10479.097
443 10065.728
444 9631.130
445 9202.495
446 8886.198
447 8467.712
448 8144.616
449 7856.749
450 7472.899
