285 275766.339
286 250913.942
287 228037.177
288 204982.582
289 184409.596
290 172740.912
291 166453.104
292 164054.504
293 167387.020
294 174136.521
295 183111.489
296 195694.671
297 208691.682
298 223856.215
299 239165.039
300 253188.053
301 269541.745
302 285117.302
303 300073.660
304 314871.729
305 332211.044
306 349321.616
307 364762.051
308 383574.589
309 400911.660
310 417999.600
311 438008.478
312 457075.552
313 476346.583
314 497116.083
315 515473.207
316 530676.940
317 552072.733
318 569953.592
319 583692.179
320 602123.463
321 618229.997
322 628107.761
323 644265.210
324 660654.952
325 669061.880
326 679731.928
327 691904.830
328 698220.052
329 703714.071
330 712498.934
331 715471.406
332 717503.652
333 721094.498
334 718912.945
335 718601.282
336 719651.826
337 712441.004
338 707116.252
339 704203.139
340 694289.037
341 686325.360
342 681660.055
343 671465.694
344 658057.454
345 649715.276
346 635317.864
347 620936.832
348 611427.546
349 598212.903
350 584170.210
351 573054.757
352 556782.382
353 541652.988
354 528706.018
355 514557.014
356 498997.694
357 486208.748
358 471653.789
359 455062.539
360 441608.959
361 427335.929
362 411564.377
363 398798.334
364 385900.224
365 372058.390
366 359719.733
367 346233.651
368 333430.744
369 321419.282
370 309942.703
371 297923.814
372 286856.606
373 276438.948
374 264767.639
375 254059.728
376 244684.413
377 233978.258
378 224082.852
379 215496.612
380 206932.375
381 197643.598
382 189520.600
383 181304.300
384 172531.732
385 165033.897
386 157520.770
387 149905.896
388 143214.848
389 136580.182
390 129918.762
391 124139.858
392 118567.396
393 112409.158
394 107264.897
395 102420.770
396 97300.927
397 92380.880
398 87629.113
399 82896.133
400 78797.438
401 74998.106
402 71078.413
403 67745.781
404 64628.386
405 61418.515
406 58218.762
407 55757.021
408 52866.806
409 50390.594
410 48232.822
411 45968.578
412 43552.878
413 41608.581
414 39518.418
415 37679.683
416 36016.063
417 34292.035
418 32683.665
419 31350.213
420 29844.861
421 28457.709
422 27234.644
423 25786.906
424 24675.431
425 23665.694
426 22564.730
427 21558.864
428 20624.269
429 19601.856
430 18707.462
431 17969.051
432 17102.950
433 16379.328
434 15651.611
435 14988.422
436 14324.315
437 13701.821
438 13101.891
439 12510.331
440 12019.895
441 11500.795
442 11022.406
443 10585.130
444 10116.523
445 9674.718
446 9292.222
447 8916.924
448 8553.610
449 8230.494
450 7845.033
